M101,1,9,10,1,0,1,0,0,0,0
M101,2,9,18,9,0,0,0,0,0,0
M101,3,9,20,11,0,0,0,2,0,0
M101,4,9,24,15,0,0,0,6,0,2
M101,5,9,20,11,0,0,0,2,0,0
M101,0,0,0,0,0,0,1,0,0,0
M101,0,0,0,0,0,0,1,0,0,0
M101,8,9,11,2,0,2,0,0,0,0
M101,0,0,0,0,0,0,1,0,0,0
M101,10,9,18,9,0,0,0,0,0,0
M101,11,9,18,9,0,0,0,0,0,0
M101,12,9,12,3,0,3,0,0,0,0
M101,13,10,18,8,1,0,0,0,0,0
M101,14,9,18,9,0,0,0,0,0,0
M101,15,9,18,9,0,0,0,0,0,0
M101,16,9,18,9,0,0,0,0,0,0
M101,17,9,18,9,0,0,0,0,0,0
M101,18,9,18,9,0,0,0,0,0,0
M101,19,9,18,9,0,0,0,0,0,0
M101,20,9,21,12,0,0,0,3,0,0
M101,21,9,18,9,0,0,0,0,0,0
M101,22,9,18,9,0,0,0,0,0,0
M101,0,0,0,0,0,0,1,0,0,0
M101,24,9,18,9,0,0,0,0,0,0
M101,25,9,18,9,0,0,0,0,0,0
M101,26,9,22,13,0,0,0,4,0,0
M101,27,9,21,12,0,0,0,3,0,0
M101,28,9,18,9,0,0,0,0,0,0
M101,29,9,24,15,0,0,0,6,0,2
M101,0,0,0,0,0,0,1,0,0,0
M102,1,9,10,1,0,1,0,0,0,0
M102,2,9,18,9,0,0,0,0,0,0
M102,3,9,18,9,0,0,0,0,0,0
M102,4,9,20,11,0,0,0,2,0,0
M102,5,9,20,11,0,0,0,2,0,0
M102,6,9,10,1,0,1,0,0,0,0
M102,7,9,18,9,0,0,0,0,0,0
M102,8,9,18,9,0,0,0,0,0,0
M102,9,9,18,9,0,0,0,0,0,0
M102,10,9,18,9,0,0,0,0,0,0
M102,11,9,18,9,0,0,0,0,0,0
M102,12,9,18,9,0,0,0,0,0,0
M102,13,9,18,9,0,0,0,0,0,0
M102,14,9,18,9,0,0,0,0,0,0
M102,15,9,18,9,0,0,0,0,0,0
M102,16,9,21,12,0,0,0,3,0,0
M102,17,9,10,1,0,1,0,0,0,0
M102,0,0,0,0,0,0,1,0,0,0
M102,19,9,18,9,0,0,0,0,0,0
M102,0,0,0,0,0,0,1,0,0,0
M102,0,0,0,0,0,0,1,0,0,0
M102,22,9,23,14,0,0,0,5,0,1
M102,23,9,18,9,0,0,0,0,0,0
M102,24,9,18,9,0,0,0,0,0,0
M102,0,0,0,0,0,0,1,0,0,0
M102,26,9,18,9,0,0,0,0,0,0
M102,27,9,22,13,0,0,0,4,0,0
M102,28,9,18,9,0,0,0,0,0,0
M102,29,9,18,9,0,0,0,0,0,0
M102,0,0,0,0,0,0,1,0,0,0
M103,0,0,0,0,0,0,1,0,0,0
M103,2,9,23,14,0,0,0,5,0,1
M103,3,9,18,9,0,0,0,0,0,0
M103,4,9,18,9,0,0,0,0,0,0
M103,5,9,24,15,0,0,0,6,0,2
M103,6,9,18,9,0,0,0,0,0,0
M103,7,9,18,9,0,0,0,0,0,0
M103,0,0,0,0,0,0,1,0,0,0
M103,9,10,10,0,1,0,0,0,0,0
M103,0,0,0,0,0,0,1,0,0,0
M103,11,9,12,3,0,3,0,0,0,0
M103,12,10,18,8,1,0,0,0,0,0
M103,13,9,18,9,0,0,0,0,0,0
M103,14,9,18,9,0,0,0,0,0,0
M103,0,0,0,0,0,0,1,0,0,0
M103,16,9,18,9,0,0,0,0,0,0
M103,17,9,12,3,0,3,0,0,0,0
M103,18,10,12,2,1,2,0,0,0,0
M103,19,9,18,9,0,0,0,0,0,0
M103,20,9,18,9,0,0,0,0,0,0
M103,21,9,18,9,0,0,0,0,0,0
M103,22,9,18,9,0,0,0,0,0,0
M103,23,9,10,1,0,1,0,0,0,0
M103,0,0,0,0,0,0,1,0,0,0
M103,25,9,20,11,0,0,0,2,0,0
M103,26,10,22,12,1,0,0,4,0,0
M103,27,9,18,9,0,0,0,0,0,0
M103,28,9,18,9,0,0,0,0,0,0
M103,29,9,18,9,0,0,0,0,0,0
M103,30,9,21,12,0,0,0,3,0,0
M104,1,9,22,13,0,0,0,4,0,0
M104,2,9,18,9,0,0,0,0,0,0
M104,3,9,10,1,0,1,0,0,0,0
M104,4,10,18,8,1,0,0,0,0,0
M104,5,9,18,9,0,0,0,0,0,0
M104,6,9,22,13,0,0,0,4,0,0
M104,7,9,10,1,0,1,0,0,0,0
M104,8,9,18,9,0,0,0,0,0,0
M104,9,9,11,2,0,2,0,0,0,0
M104,10,9,21,12,0,0,0,3,0,0
M104,11,9,24,15,0,0,0,6,0,2
M104,12,9,18,9,0,0,0,0,0,0
M104,13,9,10,1,0,1,0,0,0,0
M104,14,9,24,15,0,0,0,6,0,2
M104,15,9,12,3,0,3,0,0,0,0
M104,16,9,18,9,0,0,0,0,0,0
M104,17,9,18,9,0,0,0,0,0,0
M104,18,10,20,10,1,0,0,2,0,0
M104,19,9,24,15,0,0,0,6,0,2
M104,20,9,18,9,0,0,0,0,0,0
M104,21,9,18,9,0,0,0,0,0,0
M104,22,9,10,1,0,1,0,0,0,0
M104,23,9,18,9,0,0,0,0,0,0
M104,0,0,0,0,0,0,1,0,0,0
M104,25,9,11,2,0,2,0,0,0,0
M104,26,9,22,13,0,0,0,4,0,0
M104,27,9,18,9,0,0,0,0,0,0
M104,0,0,0,0,0,0,1,0,0,0
M104,29,9,18,9,0,0,0,0,0,0
M104,30,9,18,9,0,0,0,0,0,0
M105,1,9,11,2,0,2,0,0,0,0
M105,2,9,10,1,0,1,0,0,0,0
M105,3,9,18,9,0,0,0,0,0,0
M105,4,9,18,9,0,0,0,0,0,0
M105,5,9,18,9,0,0,0,0,0,0
M105,6,9,18,9,0,0,0,0,0,0
M105,7,9,18,9,0,0,0,0,0,0
M105,8,9,18,9,0,0,0,0,0,0
M105,0,0,0,0,0,0,1,0,0,0
M105,10,10,12,2,1,2,0,0,0,0
M105,11,9,18,9,0,0,0,0,0,0
M105,12,9,23,14,0,0,0,5,0,1
M105,13,9,10,1,0,1,0,0,0,0
M105,14,9,18,9,0,0,0,0,0,0
M105,15,9,18,9,0,0,0,0,0,0
M105,16,10,21,11,1,0,0,3,0,0
M105,17,9,18,9,0,0,0,0,0,0
M105,18,9,12,3,0,3,0,0,0,0
M105,19,9,12,3,0,3,0,0,0,0
M105,20,9,10,1,0,1,0,0,0,0
M105,21,9,18,9,0,0,0,0,0,0
M105,22,9,18,9,0,0,0,0,0,0
M105,23,9,18,9,0,0,0,0,0,0
M105,24,9,23,14,0,0,0,5,0,1
M105,25,9,20,11,0,0,0,2,0,0
M105,26,9,20,11,0,0,0,2,0,0
M105,0,0,0,0,0,0,1,0,0,0
M105,28,9,24,15,0,0,0,6,0,2
M105,29,9,24,15,0,0,0,6,0,2
M105,30,9,22,13,0,0,0,4,0,0
M106,1,9,18,9,0,0,0,0,0,0
M106,2,9,18,9,0,0,0,0,0,0
M106,3,9,18,9,0,0,0,0,0,0
M106,4,9,18,9,0,0,0,0,0,0
M106,5,9,21,12,0,0,0,3,0,0
M106,6,9,11,2,0,2,0,0,0,0
M106,7,9,11,2,0,2,0,0,0,0
M106,8,9,10,1,0,1,0,0,0,0
M106,9,9,18,9,0,0,0,0,0,0
M106,10,9,18,9,0,0,0,0,0,0
M106,11,9,10,1,0,1,0,0,0,0
M106,12,9,23,14,0,0,0,5,0,1
M106,13,9,18,9,0,0,0,0,0,0
M106,14,9,21,12,0,0,0,3,0,0
M106,15,9,18,9,0,0,0,0,0,0
M106,16,9,18,9,0,0,0,0,0,0
M106,17,9,18,9,0,0,0,0,0,0
M106,18,9,18,9,0,0,0,0,0,0
M106,0,0,0,0,0,0,1,0,0,0
M106,20,9,11,2,0,2,0,0,0,0
M106,21,9,18,9,0,0,0,0,0,0
M106,22,9,23,14,0,0,0,5,0,1
M106,23,10,18,8,1,0,0,0,0,0
M106,24,9,20,11,0,0,0,2,0,0
M106,25,9,18,9,0,0,0,0,0,0
M106,26,9,18,9,0,0,0,0,0,0
M106,27,9,18,9,0,0,0,0,0,0
M106,28,9,18,9,0,0,0,0,0,0
M106,0,0,0,0,0,0,1,0,0,0
M106,30,9,24,15,0,0,0,6,0,2
M107,1,9,21,12,0,0,0,3,0,0
M107,0,0,0,0,0,0,1,0,0,0
M107,3,9,22,13,0,0,0,4,0,0
M107,4,9,18,9,0,0,0,0,0,0
M107,5,9,18,9,0,0,0,0,0,0
M107,6,9,18,9,0,0,0,0,0,0
M107,7,9,18,9,0,0,0,0,0,0
M107,8,9,18,9,0,0,0,0,0,0
M107,9,9,18,9,0,0,0,0,0,0
M107,10,9,18,9,0,0,0,0,0,0
M107,11,9,12,3,0,3,0,0,0,0
M107,12,9,10,1,0,1,0,0,0,0
M107,13,9,18,9,0,0,0,0,0,0
M107,14,9,18,9,0,0,0,0,0,0
M107,15,9,21,12,0,0,0,3,0,0
M107,16,10,18,8,1,0,0,0,0,0
M107,17,9,11,2,0,2,0,0,0,0
M107,18,9,24,15,0,0,0,6,0,2
M107,19,9,18,9,0,0,0,0,0,0
M107,20,9,18,9,0,0,0,0,0,0
M107,21,9,18,9,0,0,0,0,0,0
M107,22,9,11,2,0,2,0,0,0,0
M107,0,0,0,0,0,0,1,0,0,0
M107,24,9,18,9,0,0,0,0,0,0
M107,25,9,24,15,0,0,0,6,0,2
M107,26,9,22,13,0,0,0,4,0,0
M107,0,0,0,0,0,0,1,0,0,0
M107,28,9,18,9,0,0,0,0,0,0
M107,29,10,10,0,1,0,0,0,0,0
M107,30,9,18,9,0,0,0,0,0,0
M108,1,9,18,9,0,0,0,0,0,0
M108,2,9,18,9,0,0,0,0,0,0
M108,3,9,18,9,0,0,0,0,0,0
M108,4,9,18,9,0,0,0,0,0,0
M108,5,9,10,1,0,1,0,0,0,0
M108,6,10,18,8,1,0,0,0,0,0
M108,7,9,18,9,0,0,0,0,0,0
M108,8,9,18,9,0,0,0,0,0,0
M108,9,9,18,9,0,0,0,0,0,0
M108,10,9,18,9,0,0,0,0,0,0
M108,11,9,18,9,0,0,0,0,0,0
M108,12,9,18,9,0,0,0,0,0,0
M108,13,9,21,12,0,0,0,3,0,0
M108,14,9,21,12,0,0,0,3,0,0
M108,15,9,18,9,0,0,0,0,0,0
M108,16,9,11,2,0,2,0,0,0,0
M108,17,9,18,9,0,0,0,0,0,0
M108,18,9,23,14,0,0,0,5,0,1
M108,19,9,18,9,0,0,0,0,0,0
M108,20,9,18,9,0,0,0,0,0,0
M108,21,9,18,9,0,0,0,0,0,0
M108,22,10,12,2,1,2,0,0,0,0
M108,23,9,23,14,0,0,0,5,0,1
M108,24,9,24,15,0,0,0,6,0,2
M108,0,0,0,0,0,0,1,0,0,0
M108,26,9,22,13,0,0,0,4,0,0
M108,27,9,18,9,0,0,0,0,0,0
M108,28,9,18,9,0,0,0,0,0,0
M108,29,9,18,9,0,0,0,0,0,0
M108,30,9,18,9,0,0,0,0,0,0
M109,1,9,18,9,0,0,0,0,0,0
M109,2,9,18,9,0,0,0,0,0,0
M109,0,0,0,0,0,0,1,0,0,0
M109,4,9,21,12,0,0,0,3,0,0
M109,5,9,18,9,0,0,0,0,0,0
M109,6,9,11,2,0,2,0,0,0,0
M109,7,9,18,9,0,0,0,0,0,0
M109,8,9,18,9,0,0,0,0,0,0
M109,9,9,18,9,0,0,0,0,0,0
M109,10,9,23,14,0,0,0,5,0,1
M109,11,9,18,9,0,0,0,0,0,0
M109,12,9,18,9,0,0,0,0,0,0
M109,13,9,18,9,0,0,0,0,0,0
M109,14,9,24,15,0,0,0,6,0,2
M109,15,9,18,9,0,0,0,0,0,0
M109,16,9,18,9,0,0,0,0,0,0
M109,17,10,18,8,1,0,0,0,0,0
M109,18,9,18,9,0,0,0,0,0,0
M109,19,9,24,15,0,0,0,6,0,2
M109,20,9,23,14,0,0,0,5,0,1
M109,21,9,23,14,0,0,0,5,0,1
M109,22,9,18,9,0,0,0,0,0,0
M109,23,9,24,15,0,0,0,6,0,2
M109,24,9,18,9,0,0,0,0,0,0
M109,25,9,18,9,0,0,0,0,0,0
M109,26,9,23,14,0,0,0,5,0,1
M109,27,9,18,9,0,0,0,0,0,0
M109,28,9,18,9,0,0,0,0,0,0
M109,0,0,0,0,0,0,1,0,0,0
M109,30,9,18,9,0,0,0,0,0,0
M110,1,9,18,9,0,0,0,0,0,0
M110,2,9,11,2,0,2,0,0,0,0
M110,3,10,18,8,1,0,0,0,0,0
M110,4,9,24,15,0,0,0,6,0,2
M110,5,9,20,11,0,0,0,2,0,0
M110,6,9,18,9,0,0,0,0,0,0
M110,7,9,18,9,0,0,0,0,0,0
M110,0,0,0,0,0,0,1,0,0,0
M110,9,9,12,3,0,3,0,0,0,0
M110,10,9,18,9,0,0,0,0,0,0
M110,11,9,24,15,0,0,0,6,0,2
M110,0,0,0,0,0,0,1,0,0,0
M110,13,9,21,12,0,0,0,3,0,0
M110,14,9,18,9,0,0,0,0,0,0
M110,15,9,18,9,0,0,0,0,0,0
M110,16,9,18,9,0,0,0,0,0,0
M110,17,10,18,8,1,0,0,0,0,0
M110,18,9,18,9,0,0,0,0,0,0
M110,19,9,18,9,0,0,0,0,0,0
M110,20,9,23,14,0,0,0,5,0,1
M110,21,9,18,9,0,0,0,0,0,0
M110,22,9,18,9,0,0,0,0,0,0
M110,23,10,18,8,1,0,0,0,0,0
M110,24,9,18,9,0,0,0,0,0,0
M110,25,9,18,9,0,0,0,0,0,0
M110,26,9,18,9,0,0,0,0,0,0
M110,27,9,24,15,0,0,0,6,0,2
M110,28,9,18,9,0,0,0,0,0,0
M110,29,10,11,1,1,1,0,0,0,0
M110,30,9,18,9,0,0,0,0,0,0
M111,0,0,0,0,0,0,1,0,0,0
M111,2,9,18,9,0,0,0,0,0,0
M111,3,9,24,15,0,0,0,6,0,2
M111,4,9,18,9,0,0,0,0,0,0
M111,5,9,18,9,0,0,0,0,0,0
M111,6,10,18,8,1,0,0,0,0,0
M111,0,0,0,0,0,0,1,0,0,0
M111,8,9,21,12,0,0,0,3,0,0
M111,9,9,20,11,0,0,0,2,0,0
M111,10,9,18,9,0,0,0,0,0,0
M111,0,0,0,0,0,0,1,0,0,0
M111,0,0,0,0,0,0,1,0,0,0
M111,13,9,18,9,0,0,0,0,0,0
M111,14,10,11,1,1,1,0,0,0,0
M111,15,10,21,11,1,0,0,3,0,0
M111,0,0,0,0,0,0,1,0,0,0
M111,17,9,22,13,0,0,0,4,0,0
M111,18,9,18,9,0,0,0,0,0,0
M111,19,9,24,15,0,0,0,6,0,2
M111,20,9,23,14,0,0,0,5,0,1
M111,21,9,21,12,0,0,0,3,0,0
M111,22,9,18,9,0,0,0,0,0,0
M111,23,9,18,9,0,0,0,0,0,0
M111,24,9,18,9,0,0,0,0,0,0
M111,25,9,18,9,0,0,0,0,0,0
M111,26,9,10,1,0,1,0,0,0,0
M111,27,9,18,9,0,0,0,0,0,0
M111,28,9,18,9,0,0,0,0,0,0
M111,29,9,18,9,0,0,0,0,0,0
M111,30,9,20,11,0,0,0,2,0,0
M112,1,9,18,9,0,0,0,0,0,0
M112,2,9,18,9,0,0,0,0,0,0
M112,3,9,21,12,0,0,0,3,0,0
M112,4,9,18,9,0,0,0,0,0,0
M112,5,9,23,14,0,0,0,5,0,1
M112,0,0,0,0,0,0,1,0,0,0
M112,7,9,23,14,0,0,0,5,0,1
M112,8,9,18,9,0,0,0,0,0,0
M112,9,9,18,9,0,0,0,0,0,0
M112,10,9,18,9,0,0,0,0,0,0
M112,11,9,20,11,0,0,0,2,0,0
M112,12,9,18,9,0,0,0,0,0,0
M112,13,9,23,14,0,0,0,5,0,1
M112,14,10,18,8,1,0,0,0,0,0
M112,15,9,21,12,0,0,0,3,0,0
M112,16,9,10,1,0,1,0,0,0,0
M112,17,10,18,8,1,0,0,0,0,0
M112,18,9,18,9,0,0,0,0,0,0
M112,19,9,18,9,0,0,0,0,0,0
M112,0,0,0,0,0,0,1,0,0,0
M112,21,9,18,9,0,0,0,0,0,0
M112,22,9,23,14,0,0,0,5,0,1
M112,23,9,18,9,0,0,0,0,0,0
M112,24,9,12,3,0,3,0,0,0,0
M112,25,9,18,9,0,0,0,0,0,0
M112,26,9,18,9,0,0,0,0,0,0
M112,27,9,18,9,0,0,0,0,0,0
M112,28,9,12,3,0,3,0,0,0,0
M112,29,10,18,8,1,0,0,0,0,0
M112,30,9,18,9,0,0,0,0,0,0
M113,1,9,18,9,0,0,0,0,0,0
M113,2,9,18,9,0,0,0,0,0,0
M113,3,9,18,9,0,0,0,0,0,0
M113,4,9,18,9,0,0,0,0,0,0
M113,5,9,18,9,0,0,0,0,0,0
M113,6,9,18,9,0,0,0,0,0,0
M113,7,9,24,15,0,0,0,6,0,2
M113,0,0,0,0,0,0,1,0,0,0
M113,0,0,0,0,0,0,1,0,0,0
M113,10,9,10,1,0,1,0,0,0,0
M113,11,9,18,9,0,0,0,0,0,0
M113,12,9,22,13,0,0,0,4,0,0
M113,13,9,12,3,0,3,0,0,0,0
M113,14,9,11,2,0,2,0,0,0,0
M113,15,9,18,9,0,0,0,0,0,0
M113,16,9,18,9,0,0,0,0,0,0
M113,17,9,22,13,0,0,0,4,0,0
M113,18,9,18,9,0,0,0,0,0,0
M113,19,9,18,9,0,0,0,0,0,0
M113,20,9,18,9,0,0,0,0,0,0
M113,0,0,0,0,0,0,1,0,0,0
M113,22,9,20,11,0,0,0,2,0,0
M113,23,9,18,9,0,0,0,0,0,0
M113,24,9,18,9,0,0,0,0,0,0
M113,25,9,24,15,0,0,0,6,0,2
M113,26,9,18,9,0,0,0,0,0,0
M113,27,9,22,13,0,0,0,4,0,0
M113,28,9,23,14,0,0,0,5,0,1
M113,29,9,18,9,0,0,0,0,0,0
M113,30,9,18,9,0,0,0,0,0,0
M114,1,9,18,9,0,0,0,0,0,0
M114,2,9,18,9,0,0,0,0,0,0
M114,0,0,0,0,0,0,1,0,0,0
M114,4,9,10,1,0,1,0,0,0,0
M114,0,0,0,0,0,0,1,0,0,0
M114,6,9,22,13,0,0,0,4,0,0
M114,7,9,18,9,0,0,0,0,0,0
M114,8,9,11,2,0,2,0,0,0,0
M114,9,9,18,9,0,0,0,0,0,0
M114,0,0,0,0,0,0,1,0,0,0
M114,11,9,11,2,0,2,0,0,0,0
M114,12,9,18,9,0,0,0,0,0,0
M114,13,9,18,9,0,0,0,0,0,0
M114,14,9,18,9,0,0,0,0,0,0
M114,15,9,18,9,0,0,0,0,0,0
M114,16,9,18,9,0,0,0,0,0,0
M114,17,9,21,12,0,0,0,3,0,0
M114,18,9,18,9,0,0,0,0,0,0
M114,19,9,18,9,0,0,0,0,0,0
M114,20,9,18,9,0,0,0,0,0,0
M114,21,9,18,9,0,0,0,0,0,0
M114,0,0,0,0,0,0,1,0,0,0
M114,23,9,18,9,0,0,0,0,0,0
M114,24,9,18,9,0,0,0,0,0,0
M114,25,9,18,9,0,0,0,0,0,0
M114,26,9,12,3,0,3,0,0,0,0
M114,27,9,18,9,0,0,0,0,0,0
M114,28,10,20,10,1,0,0,2,0,0
M114,29,9,11,2,0,2,0,0,0,0
M114,30,9,18,9,0,0,0,0,0,0
M115,1,9,12,3,0,3,0,0,0,0
M115,2,10,18,8,1,0,0,0,0,0
M115,3,9,18,9,0,0,0,0,0,0
M115,4,9,18,9,0,0,0,0,0,0
M115,5,9,22,13,0,0,0,4,0,0
M115,6,9,18,9,0,0,0,0,0,0
M115,7,9,23,14,0,0,0,5,0,1
M115,8,10,18,8,1,0,0,0,0,0
M115,9,9,18,9,0,0,0,0,0,0
M115,10,9,11,2,0,2,0,0,0,0
M115,11,9,20,11,0,0,0,2,0,0
M115,0,0,0,0,0,0,1,0,0,0
M115,13,9,24,15,0,0,0,6,0,2
M115,14,9,18,9,0,0,0,0,0,0
M115,15,10,18,8,1,0,0,0,0,0
M115,16,9,18,9,0,0,0,0,0,0
M115,17,9,18,9,0,0,0,0,0,0
M115,18,9,18,9,0,0,0,0,0,0
M115,19,9,18,9,0,0,0,0,0,0
M115,20,9,18,9,0,0,0,0,0,0
M115,21,9,18,9,0,0,0,0,0,0
M115,22,9,20,11,0,0,0,2,0,0
M115,23,9,18,9,0,0,0,0,0,0
M115,24,9,23,14,0,0,0,5,0,1
M115,25,9,11,2,0,2,0,0,0,0
M115,26,9,18,9,0,0,0,0,0,0
M115,27,9,10,1,0,1,0,0,0,0
M115,28,9,18,9,0,0,0,0,0,0
M115,29,9,18,9,0,0,0,0,0,0
M115,30,9,21,12,0,0,0,3,0,0
M116,1,9,23,14,0,0,0,5,0,1
M116,0,0,0,0,0,0,1,0,0,0
M116,0,0,0,0,0,0,1,0,0,0
M116,4,9,18,9,0,0,0,0,0,0
M116,5,9,18,9,0,0,0,0,0,0
M116,6,9,21,12,0,0,0,3,0,0
M116,7,9,21,12,0,0,0,3,0,0
M116,8,9,18,9,0,0,0,0,0,0
M116,9,9,22,13,0,0,0,4,0,0
M116,10,9,20,11,0,0,0,2,0,0
M116,11,9,22,13,0,0,0,4,0,0
M116,0,0,0,0,0,0,1,0,0,0
M116,13,9,18,9,0,0,0,0,0,0
M116,14,9,21,12,0,0,0,3,0,0
M116,15,10,18,8,1,0,0,0,0,0
M116,16,9,24,15,0,0,0,6,0,2
M116,0,0,0,0,0,0,1,0,0,0
M116,0,0,0,0,0,0,1,0,0,0
M116,19,9,18,9,0,0,0,0,0,0
M116,20,10,18,8,1,0,0,0,0,0
M116,0,0,0,0,0,0,1,0,0,0
M116,22,9,22,13,0,0,0,4,0,0
M116,23,9,20,11,0,0,0,2,0,0
M116,0,0,0,0,0,0,1,0,0,0
M116,25,10,18,8,1,0,0,0,0,0
M116,26,9,10,1,0,1,0,0,0,0
M116,27,9,18,9,0,0,0,0,0,0
M116,28,9,18,9,0,0,0,0,0,0
M116,29,9,18,9,0,0,0,0,0,0
M116,30,9,18,9,0,0,0,0,0,0
M117,1,9,12,3,0,3,0,0,0,0
M117,2,9,18,9,0,0,0,0,0,0
M117,3,9,18,9,0,0,0,0,0,0
M117,4,10,11,1,1,1,0,0,0,0
M117,5,9,18,9,0,0,0,0,0,0
M117,0,0,0,0,0,0,1,0,0,0
M117,7,9,18,9,0,0,0,0,0,0
M117,8,9,23,14,0,0,0,5,0,1
M117,9,9,18,9,0,0,0,0,0,0
M117,10,9,18,9,0,0,0,0,0,0
M117,11,9,18,9,0,0,0,0,0,0
M117,12,9,21,12,0,0,0,3,0,0
M117,13,9,10,1,0,1,0,0,0,0
M117,14,9,18,9,0,0,0,0,0,0
M117,15,9,18,9,0,0,0,0,0,0
M117,16,10,22,12,1,0,0,4,0,0
M117,17,9,18,9,0,0,0,0,0,0
M117,18,9,18,9,0,0,0,0,0,0
M117,19,9,18,9,0,0,0,0,0,0
M117,20,9,18,9,0,0,0,0,0,0
M117,21,9,21,12,0,0,0,3,0,0
M117,22,9,18,9,0,0,0,0,0,0
M117,23,9,18,9,0,0,0,0,0,0
M117,24,10,12,2,1,2,0,0,0,0
M117,25,9,18,9,0,0,0,0,0,0
M117,0,0,0,0,0,0,1,0,0,0
M117,27,9,11,2,0,2,0,0,0,0
M117,28,9,10,1,0,1,0,0,0,0
M117,29,9,18,9,0,0,0,0,0,0
M117,30,9,18,9,0,0,0,0,0,0
M118,1,9,10,1,0,1,0,0,0,0
M118,2,9,18,9,0,0,0,0,0,0
M118,3,9,10,1,0,1,0,0,0,0
M118,4,9,18,9,0,0,0,0,0,0
M118,5,9,18,9,0,0,0,0,0,0
M118,6,9,23,14,0,0,0,5,0,1
M118,7,9,10,1,0,1,0,0,0,0
M118,8,9,18,9,0,0,0,0,0,0
M118,9,9,11,2,0,2,0,0,0,0
M118,10,9,18,9,0,0,0,0,0,0
M118,0,0,0,0,0,0,1,0,0,0
M118,12,9,18,9,0,0,0,0,0,0
M118,13,9,22,13,0,0,0,4,0,0
M118,14,10,20,10,1,0,0,2,0,0
M118,0,0,0,0,0,0,1,0,0,0
M118,16,9,23,14,0,0,0,5,0,1
M118,17,9,11,2,0,2,0,0,0,0
M118,18,9,23,14,0,0,0,5,0,1
M118,19,9,21,12,0,0,0,3,0,0
M118,20,9,18,9,0,0,0,0,0,0
M118,0,0,0,0,0,0,1,0,0,0
M118,22,9,18,9,0,0,0,0,0,0
M118,23,9,21,12,0,0,0,3,0,0
M118,24,9,18,9,0,0,0,0,0,0
M118,25,10,18,8,1,0,0,0,0,0
M118,26,9,18,9,0,0,0,0,0,0
M118,27,10,18,8,1,0,0,0,0,0
M118,28,10,18,8,1,0,0,0,0,0
M118,29,9,18,9,0,0,0,0,0,0
M118,30,9,20,11,0,0,0,2,0,0
M119,1,10,21,11,1,0,0,3,0,0
M119,2,9,18,9,0,0,0,0,0,0
M119,3,9,18,9,0,0,0,0,0,0
M119,4,9,18,9,0,0,0,0,0,0
M119,5,9,18,9,0,0,0,0,0,0
M119,6,9,23,14,0,0,0,5,0,1
M119,7,9,20,11,0,0,0,2,0,0
M119,8,9,18,9,0,0,0,0,0,0
M119,0,0,0,0,0,0,1,0,0,0
M119,10,9,18,9,0,0,0,0,0,0
M119,11,9,18,9,0,0,0,0,0,0
M119,12,9,24,15,0,0,0,6,0,2
M119,13,9,24,15,0,0,0,6,0,2
M119,14,9,24,15,0,0,0,6,0,2
M119,15,9,18,9,0,0,0,0,0,0
M119,16,9,18,9,0,0,0,0,0,0
M119,17,10,18,8,1,0,0,0,0,0
M119,18,9,18,9,0,0,0,0,0,0
M119,19,9,18,9,0,0,0,0,0,0
M119,20,9,20,11,0,0,0,2,0,0
M119,21,9,18,9,0,0,0,0,0,0
M119,0,0,0,0,0,0,1,0,0,0
M119,23,9,18,9,0,0,0,0,0,0
M119,24,9,21,12,0,0,0,3,0,0
M119,25,9,18,9,0,0,0,0,0,0
M119,26,9,10,1,0,1,0,0,0,0
M119,27,9,22,13,0,0,0,4,0,0
M119,28,9,18,9,0,0,0,0,0,0
M119,29,9,20,11,0,0,0,2,0,0
M119,30,9,18,9,0,0,0,0,0,0
M120,1,9,18,9,0,0,0,0,0,0
M120,2,9,18,9,0,0,0,0,0,0
M120,3,9,11,2,0,2,0,0,0,0
M120,4,10,18,8,1,0,0,0,0,0
M120,5,9,18,9,0,0,0,0,0,0
M120,6,9,18,9,0,0,0,0,0,0
M120,7,9,24,15,0,0,0,6,0,2
M120,8,9,22,13,0,0,0,4,0,0
M120,9,9,18,9,0,0,0,0,0,0
M120,10,9,18,9,0,0,0,0,0,0
M120,11,10,18,8,1,0,0,0,0,0
M120,12,9,18,9,0,0,0,0,0,0
M120,13,10,20,10,1,0,0,2,0,0
M120,14,9,18,9,0,0,0,0,0,0
M120,15,9,10,1,0,1,0,0,0,0
M120,16,9,18,9,0,0,0,0,0,0
M120,17,9,18,9,0,0,0,0,0,0
M120,18,9,18,9,0,0,0,0,0,0
M120,0,0,0,0,0,0,1,0,0,0
M120,20,9,18,9,0,0,0,0,0,0
M120,21,9,18,9,0,0,0,0,0,0
M120,22,9,18,9,0,0,0,0,0,0
M120,23,9,22,13,0,0,0,4,0,0
M120,24,9,23,14,0,0,0,5,0,1
M120,25,9,18,9,0,0,0,0,0,0
M120,26,9,18,9,0,0,0,0,0,0
M120,27,9,21,12,0,0,0,3,0,0
M120,28,9,22,13,0,0,0,4,0,0
M120,29,9,18,9,0,0,0,0,0,0
M120,0,0,0,0,0,0,1,0,0,0
M121,1,10,18,8,1,0,0,0,0,0
M121,2,9,18,9,0,0,0,0,0,0
M121,0,0,0,0,0,0,1,0,0,0
M121,4,10,18,8,1,0,0,0,0,0
M121,5,9,18,9,0,0,0,0,0,0
M121,6,9,10,1,0,1,0,0,0,0
M121,7,9,18,9,0,0,0,0,0,0
M121,8,9,20,11,0,0,0,2,0,0
M121,9,9,18,9,0,0,0,0,0,0
M121,10,9,20,11,0,0,0,2,0,0
M121,11,9,18,9,0,0,0,0,0,0
M121,12,9,18,9,0,0,0,0,0,0
M121,0,0,0,0,0,0,1,0,0,0
M121,14,10,24,14,1,0,0,6,0,2
M121,0,0,0,0,0,0,1,0,0,0
M121,16,9,18,9,0,0,0,0,0,0
M121,0,0,0,0,0,0,1,0,0,0
M121,18,9,12,3,0,3,0,0,0,0
M121,19,9,23,14,0,0,0,5,0,1
M121,0,0,0,0,0,0,1,0,0,0
M121,21,9,18,9,0,0,0,0,0,0
M121,22,9,18,9,0,0,0,0,0,0
M121,0,0,0,0,0,0,1,0,0,0
M121,24,9,18,9,0,0,0,0,0,0
M121,25,9,18,9,0,0,0,0,0,0
M121,26,9,18,9,0,0,0,0,0,0
M121,27,9,18,9,0,0,0,0,0,0
M121,28,9,12,3,0,3,0,0,0,0
M121,29,9,18,9,0,0,0,0,0,0
M121,30,9,18,9,0,0,0,0,0,0
M122,1,9,18,9,0,0,0,0,0,0
M122,2,9,18,9,0,0,0,0,0,0
M122,3,9,20,11,0,0,0,2,0,0
M122,0,0,0,0,0,0,1,0,0,0
M122,0,0,0,0,0,0,1,0,0,0
M122,6,9,18,9,0,0,0,0,0,0
M122,7,9,18,9,0,0,0,0,0,0
M122,8,10,18,8,1,0,0,0,0,0
M122,9,9,22,13,0,0,0,4,0,0
M122,10,10,18,8,1,0,0,0,0,0
M122,11,9,18,9,0,0,0,0,0,0
M122,0,0,0,0,0,0,1,0,0,0
M122,13,10,18,8,1,0,0,0,0,0
M122,14,9,12,3,0,3,0,0,0,0
M122,15,9,18,9,0,0,0,0,0,0
M122,16,9,18,9,0,0,0,0,0,0
M122,17,9,18,9,0,0,0,0,0,0
M122,18,9,18,9,0,0,0,0,0,0
M122,19,9,18,9,0,0,0,0,0,0
M122,20,9,18,9,0,0,0,0,0,0
M122,0,0,0,0,0,0,1,0,0,0
M122,22,9,18,9,0,0,0,0,0,0
M122,23,9,11,2,0,2,0,0,0,0
M122,24,9,20,11,0,0,0,2,0,0
M122,25,9,18,9,0,0,0,0,0,0
M122,26,9,10,1,0,1,0,0,0,0
M122,0,0,0,0,0,0,1,0,0,0
M122,28,9,10,1,0,1,0,0,0,0
M122,29,9,18,9,0,0,0,0,0,0
M122,30,9,18,9,0,0,0,0,0,0
M123,1,9,10,1,0,1,0,0,0,0
M123,0,0,0,0,0,0,1,0,0,0
M123,3,9,20,11,0,0,0,2,0,0
M123,4,9,18,9,0,0,0,0,0,0
M123,5,9,18,9,0,0,0,0,0,0
M123,6,9,21,12,0,0,0,3,0,0
M123,7,9,23,14,0,0,0,5,0,1
M123,8,9,18,9,0,0,0,0,0,0
M123,9,9,18,9,0,0,0,0,0,0
M123,0,0,0,0,0,0,1,0,0,0
M123,11,9,10,1,0,1,0,0,0,0
M123,12,9,18,9,0,0,0,0,0,0
M123,13,9,10,1,0,1,0,0,0,0
M123,14,9,18,9,0,0,0,0,0,0
M123,15,9,18,9,0,0,0,0,0,0
M123,16,9,24,15,0,0,0,6,0,2
M123,17,9,18,9,0,0,0,0,0,0
M123,18,9,18,9,0,0,0,0,0,0
M123,19,9,18,9,0,0,0,0,0,0
M123,20,9,21,12,0,0,0,3,0,0
M123,21,10,11,1,1,1,0,0,0,0
M123,22,9,18,9,0,0,0,0,0,0
M123,23,9,22,13,0,0,0,4,0,0
M123,24,9,18,9,0,0,0,0,0,0
M123,25,9,20,11,0,0,0,2,0,0
M123,26,9,18,9,0,0,0,0,0,0
M123,27,9,18,9,0,0,0,0,0,0
M123,28,9,18,9,0,0,0,0,0,0
M123,29,9,18,9,0,0,0,0,0,0
M123,30,9,12,3,0,3,0,0,0,0
M124,1,9,18,9,0,0,0,0,0,0
M124,2,9,18,9,0,0,0,0,0,0
M124,3,10,18,8,1,0,0,0,0,0
M124,4,9,18,9,0,0,0,0,0,0
M124,5,9,18,9,0,0,0,0,0,0
M124,6,9,18,9,0,0,0,0,0,0
M124,7,9,18,9,0,0,0,0,0,0
M124,8,9,18,9,0,0,0,0,0,0
M124,0,0,0,0,0,0,1,0,0,0
M124,10,9,18,9,0,0,0,0,0,0
M124,11,9,18,9,0,0,0,0,0,0
M124,12,9,23,14,0,0,0,5,0,1
M124,13,9,21,12,0,0,0,3,0,0
M124,14,9,10,1,0,1,0,0,0,0
M124,15,9,12,3,0,3,0,0,0,0
M124,16,9,18,9,0,0,0,0,0,0
M124,17,10,23,13,1,0,0,5,0,1
M124,18,9,18,9,0,0,0,0,0,0
M124,19,10,18,8,1,0,0,0,0,0
M124,0,0,0,0,0,0,1,0,0,0
M124,21,9,18,9,0,0,0,0,0,0
M124,22,9,18,9,0,0,0,0,0,0
M124,23,9,23,14,0,0,0,5,0,1
M124,24,9,23,14,0,0,0,5,0,1
M124,0,0,0,0,0,0,1,0,0,0
M124,26,9,21,12,0,0,0,3,0,0
M124,27,9,10,1,0,1,0,0,0,0
M124,28,9,18,9,0,0,0,0,0,0
M124,29,9,11,2,0,2,0,0,0,0
M124,30,9,11,2,0,2,0,0,0,0
M125,1,9,18,9,0,0,0,0,0,0
M125,2,9,21,12,0,0,0,3,0,0
M125,3,9,18,9,0,0,0,0,0,0
M125,0,0,0,0,0,0,1,0,0,0
M125,5,9,12,3,0,3,0,0,0,0
M125,6,10,18,8,1,0,0,0,0,0
M125,7,9,18,9,0,0,0,0,0,0
M125,8,9,18,9,0,0,0,0,0,0
M125,9,9,22,13,0,0,0,4,0,0
M125,10,9,18,9,0,0,0,0,0,0
M125,0,0,0,0,0,0,1,0,0,0
M125,12,9,20,11,0,0,0,2,0,0
M125,13,9,18,9,0,0,0,0,0,0
M125,0,0,0,0,0,0,1,0,0,0
M125,15,9,18,9,0,0,0,0,0,0
M125,16,9,18,9,0,0,0,0,0,0
M125,17,9,18,9,0,0,0,0,0,0
M125,18,9,18,9,0,0,0,0,0,0
M125,19,9,18,9,0,0,0,0,0,0
M125,20,9,18,9,0,0,0,0,0,0
M125,21,9,10,1,0,1,0,0,0,0
M125,22,9,18,9,0,0,0,0,0,0
M125,23,9,22,13,0,0,0,4,0,0
M125,24,9,21,12,0,0,0,3,0,0
M125,25,9,18,9,0,0,0,0,0,0
M125,26,9,18,9,0,0,0,0,0,0
M125,27,9,18,9,0,0,0,0,0,0
M125,28,9,20,11,0,0,0,2,0,0
M125,29,9,18,9,0,0,0,0,0,0
M125,30,9,18,9,0,0,0,0,0,0
M126,1,9,18,9,0,0,0,0,0,0
M126,2,9,12,3,0,3,0,0,0,0
M126,3,9,18,9,0,0,0,0,0,0
M126,4,9,18,9,0,0,0,0,0,0
M126,5,9,21,12,0,0,0,3,0,0
M126,6,9,18,9,0,0,0,0,0,0
M126,7,9,18,9,0,0,0,0,0,0
M126,8,9,18,9,0,0,0,0,0,0
M126,9,9,18,9,0,0,0,0,0,0
M126,10,9,18,9,0,0,0,0,0,0
M126,11,9,18,9,0,0,0,0,0,0
M126,0,0,0,0,0,0,1,0,0,0
M126,13,9,18,9,0,0,0,0,0,0
M126,14,9,20,11,0,0,0,2,0,0
M126,15,9,18,9,0,0,0,0,0,0
M126,16,9,18,9,0,0,0,0,0,0
M126,17,9,10,1,0,1,0,0,0,0
M126,18,9,18,9,0,0,0,0,0,0
M126,19,9,18,9,0,0,0,0,0,0
M126,20,9,10,1,0,1,0,0,0,0
M126,21,9,18,9,0,0,0,0,0,0
M126,22,9,18,9,0,0,0,0,0,0
M126,23,9,18,9,0,0,0,0,0,0
M126,24,9,12,3,0,3,0,0,0,0
M126,25,9,18,9,0,0,0,0,0,0
M126,0,0,0,0,0,0,1,0,0,0
M126,27,10,12,2,1,2,0,0,0,0
M126,28,9,18,9,0,0,0,0,0,0
M126,29,9,18,9,0,0,0,0,0,0
M126,30,9,18,9,0,0,0,0,0,0
M127,1,10,10,0,1,0,0,0,0,0
M127,2,9,18,9,0,0,0,0,0,0
M127,3,9,18,9,0,0,0,0,0,0
M127,4,9,18,9,0,0,0,0,0,0
M127,5,9,18,9,0,0,0,0,0,0
M127,6,9,18,9,0,0,0,0,0,0
M127,7,9,18,9,0,0,0,0,0,0
M127,8,9,18,9,0,0,0,0,0,0
M127,9,10,18,8,1,0,0,0,0,0
M127,10,9,11,2,0,2,0,0,0,0
M127,11,9,11,2,0,2,0,0,0,0
M127,12,9,18,9,0,0,0,0,0,0
M127,13,9,18,9,0,0,0,0,0,0
M127,14,9,18,9,0,0,0,0,0,0
M127,15,9,18,9,0,0,0,0,0,0
M127,16,10,22,12,1,0,0,4,0,0
M127,17,10,18,8,1,0,0,0,0,0
M127,18,9,21,12,0,0,0,3,0,0
M127,19,10,18,8,1,0,0,0,0,0
M127,20,9,18,9,0,0,0,0,0,0
M127,21,9,20,11,0,0,0,2,0,0
M127,22,9,18,9,0,0,0,0,0,0
M127,23,9,18,9,0,0,0,0,0,0
M127,24,9,18,9,0,0,0,0,0,0
M127,25,9,18,9,0,0,0,0,0,0
M127,26,9,18,9,0,0,0,0,0,0
M127,27,9,24,15,0,0,0,6,0,2
M127,28,9,20,11,0,0,0,2,0,0
M127,29,9,11,2,0,2,0,0,0,0
M127,30,9,18,9,0,0,0,0,0,0
M128,1,9,18,9,0,0,0,0,0,0
M128,2,9,18,9,0,0,0,0,0,0
M128,3,9,23,14,0,0,0,5,0,1
M128,4,9,18,9,0,0,0,0,0,0
M128,5,10,18,8,1,0,0,0,0,0
M128,6,9,18,9,0,0,0,0,0,0
M128,7,9,18,9,0,0,0,0,0,0
M128,8,9,18,9,0,0,0,0,0,0
M128,9,9,18,9,0,0,0,0,0,0
M128,10,10,18,8,1,0,0,0,0,0
M128,11,9,18,9,0,0,0,0,0,0
M128,12,9,18,9,0,0,0,0,0,0
M128,13,9,18,9,0,0,0,0,0,0
M128,14,9,18,9,0,0,0,0,0,0
M128,15,9,24,15,0,0,0,6,0,2
M128,16,9,18,9,0,0,0,0,0,0
M128,17,9,18,9,0,0,0,0,0,0
M128,18,9,18,9,0,0,0,0,0,0
M128,19,10,18,8,1,0,0,0,0,0
M128,20,9,23,14,0,0,0,5,0,1
M128,21,9,18,9,0,0,0,0,0,0
M128,22,9,18,9,0,0,0,0,0,0
M128,23,9,10,1,0,1,0,0,0,0
M128,24,9,12,3,0,3,0,0,0,0
M128,25,9,18,9,0,0,0,0,0,0
M128,26,9,18,9,0,0,0,0,0,0
M128,27,10,18,8,1,0,0,0,0,0
M128,28,9,21,12,0,0,0,3,0,0
M128,29,9,18,9,0,0,0,0,0,0
M128,30,9,18,9,0,0,0,0,0,0
M129,1,9,18,9,0,0,0,0,0,0
M129,2,9,18,9,0,0,0,0,0,0
M129,3,9,18,9,0,0,0,0,0,0
M129,4,9,18,9,0,0,0,0,0,0
M129,5,9,18,9,0,0,0,0,0,0
M129,6,9,21,12,0,0,0,3,0,0
M129,7,10,20,10,1,0,0,2,0,0
M129,8,9,18,9,0,0,0,0,0,0
M129,9,9,18,9,0,0,0,0,0,0
M129,10,9,12,3,0,3,0,0,0,0
M129,11,9,23,14,0,0,0,5,0,1
M129,12,9,18,9,0,0,0,0,0,0
M129,13,9,18,9,0,0,0,0,0,0
M129,14,10,18,8,1,0,0,0,0,0
M129,15,9,18,9,0,0,0,0,0,0
M129,0,0,0,0,0,0,1,0,0,0
M129,17,9,22,13,0,0,0,4,0,0
M129,18,9,20,11,0,0,0,2,0,0
M129,0,0,0,0,0,0,1,0,0,0
M129,20,9,18,9,0,0,0,0,0,0
M129,21,9,18,9,0,0,0,0,0,0
M129,0,0,0,0,0,0,1,0,0,0
M129,0,0,0,0,0,0,1,0,0,0
M129,0,0,0,0,0,0,1,0,0,0
M129,25,9,11,2,0,2,0,0,0,0
M129,26,9,22,13,0,0,0,4,0,0
M129,27,9,18,9,0,0,0,0,0,0
M129,0,0,0,0,0,0,1,0,0,0
M129,29,9,18,9,0,0,0,0,0,0
M129,30,9,10,1,0,1,0,0,0,0
M130,1,9,18,9,0,0,0,0,0,0
M130,2,9,12,3,0,3,0,0,0,0
M130,3,10,12,2,1,2,0,0,0,0
M130,4,9,18,9,0,0,0,0,0,0
M130,5,9,20,11,0,0,0,2,0,0
M130,6,9,18,9,0,0,0,0,0,0
M130,7,10,18,8,1,0,0,0,0,0
M130,8,9,18,9,0,0,0,0,0,0
M130,9,9,10,1,0,1,0,0,0,0
M130,10,9,18,9,0,0,0,0,0,0
M130,0,0,0,0,0,0,1,0,0,0
M130,12,9,20,11,0,0,0,2,0,0
M130,13,9,18,9,0,0,0,0,0,0
M130,14,9,18,9,0,0,0,0,0,0
M130,15,9,18,9,0,0,0,0,0,0
M130,16,9,20,11,0,0,0,2,0,0
M130,17,9,22,13,0,0,0,4,0,0
M130,18,9,20,11,0,0,0,2,0,0
M130,19,10,18,8,1,0,0,0,0,0
M130,20,9,18,9,0,0,0,0,0,0
M130,21,9,18,9,0,0,0,0,0,0
M130,0,0,0,0,0,0,1,0,0,0
M130,23,9,18,9,0,0,0,0,0,0
M130,24,9,18,9,0,0,0,0,0,0
M130,25,9,11,2,0,2,0,0,0,0
M130,26,9,18,9,0,0,0,0,0,0
M130,27,9,21,12,0,0,0,3,0,0
M130,28,9,18,9,0,0,0,0,0,0
M130,29,9,18,9,0,0,0,0,0,0
M130,30,9,18,9,0,0,0,0,0,0
